0.000000000000000e+000	0.000000e+000
7.305664327984279e-009	-5.301282e-017
1.461132865596856e-008	-4.570725e-017
2.191699298395284e-008	2.191670e-017
2.922265731193712e-008	1.498590e-016
3.652832163992140e-008	3.381197e-016
4.383398596790568e-008	5.866988e-016
5.113965029588994e-008	8.955963e-016
6.557987093262694e-008	2.308988e-015
8.418299887376015e-008	5.917486e-015
1.096626824739208e-007	1.576128e-014
1.442443987834359e-007	4.274251e-014
1.940502268871066e-007	1.225443e-013
2.680152861259494e-007	3.642162e-013
3.712437195468683e-007	1.053193e-012
5.292443054586524e-007	3.223564e-012
2.389778920507344e-006	1.945736e-010
4.516104194848706e-006	7.870462e-010
6.518951836320235e-006	1.801263e-009
8.211648558155192e-006	3.087260e-009
9.916298987544564e-006	4.674796e-009
1.208523093287649e-005	7.084966e-009
1.574781619527125e-005	1.220541e-008
1.927944844310820e-005	1.857261e-008
2.392371777299016e-005	2.911777e-008
2.926336038051079e-005	4.413423e-008
3.664676767501966e-005	7.010994e-008
4.528299058249844e-005	1.085732e-007
5.617378949581403e-005	1.703569e-007
6.910536866770679e-005	2.644488e-007
8.514260528962329e-005	4.163604e-007
1.040437302103215e-004	6.545111e-007
1.263841506009332e-004	1.038722e-006
1.507741506009332e-004	1.625353e-006
1.751641506009332e-004	2.453161e-006
1.995541506009332e-004	3.611087e-006
2.239441506009332e-004	5.218028e-006
2.483341506009332e-004	7.440949e-006
2.727241506009332e-004	1.067282e-005
2.971141506009332e-004	1.529565e-005
3.215041506009332e-004	2.146653e-005
3.458941506009332e-004	2.972469e-005
3.702841506009332e-004	4.099422e-005
3.946741506009332e-004	5.633182e-005
4.190641506009332e-004	7.714615e-005
4.434541506009332e-004	1.053094e-004
4.678441506009332e-004	1.432972e-004
4.922341506009332e-004	1.943684e-004
5.166241506009332e-004	2.627896e-004
5.410141506009332e-004	3.541147e-004
5.654041506009332e-004	4.755245e-004
5.897941506009332e-004	6.362348e-004
6.141841506009332e-004	8.479690e-004
6.385741506009332e-004	1.125492e-003
6.629641506009332e-004	1.487175e-003
6.873541506009333e-004	1.955559e-003
7.117441506009333e-004	2.557829e-003
7.361341506009333e-004	3.326113e-003
7.605241506009333e-004	4.297449e-003
7.849141506009333e-004	5.513286e-003
8.093041506009333e-004	7.018347e-003
8.336941506009333e-004	8.858791e-003
8.580841506009333e-004	1.107967e-002
8.824741506009333e-004	1.372189e-002
9.068641506009333e-004	1.681901e-002
9.312541506009333e-004	2.039438e-002
9.556441506009333e-004	2.445902e-002
9.800341506009333e-004	2.901062e-002
1.004424150600933e-003	3.403382e-002
1.028814150600933e-003	3.950154e-002
1.053204150600933e-003	4.537709e-002
1.077594150600933e-003	5.161673e-002
1.101984150600933e-003	5.817217e-002
1.126374150600933e-003	6.499288e-002
1.150764150600933e-003	7.202806e-002
1.175154150600933e-003	7.922798e-002
1.199544150600933e-003	8.654515e-002
1.223934150600933e-003	9.393485e-002
1.248324150600933e-003	1.013556e-001
1.272714150600933e-003	1.087692e-001
1.297104150600933e-003	1.161408e-001
1.321494150600933e-003	1.234390e-001
1.345884150600933e-003	1.306350e-001
1.370274150600933e-003	1.376827e-001
1.419054150600933e-003	1.512934e-001
1.467834150600933e-003	1.642147e-001
1.492224150600933e-003	1.703497e-001
1.516614150600933e-003	1.762503e-001
1.541004150600933e-003	1.819049e-001
1.565394150600933e-003	1.873122e-001
1.589784150600933e-003	1.924548e-001
1.614174150600933e-003	1.973069e-001
1.638564150600933e-003	2.018799e-001
1.662954150600933e-003	2.061772e-001
1.687344150600933e-003	2.101844e-001
1.736124150600933e-003	2.173138e-001
1.784904150600933e-003	2.232440e-001
1.833684150600933e-003	2.279609e-001
1.858074150600933e-003	2.298623e-001
1.882464150600933e-003	2.314590e-001
1.906854150600933e-003	2.327514e-001
1.931244150600933e-003	2.337405e-001
1.955634150600933e-003	2.344276e-001
1.980024150600933e-003	2.348144e-001
2.004414150600933e-003	2.349028e-001
2.028804150600933e-003	2.346953e-001
2.077584150600933e-003	2.334033e-001
2.126364150600933e-003	2.309632e-001
2.175144150600933e-003	2.274034e-001
2.223924150600933e-003	2.227550e-001
2.248314150600933e-003	2.200335e-001
2.272704150600933e-003	2.170531e-001
2.297094150600933e-003	2.138182e-001
2.321484150600933e-003	2.103334e-001
2.345874150600933e-003	2.066032e-001
2.370264150600933e-003	2.026319e-001
2.394654150600933e-003	1.984237e-001
2.419044150600933e-003	1.939826e-001
2.443434150600933e-003	1.893120e-001
2.467824150600933e-003	1.844148e-001
2.492214150600933e-003	1.792936e-001
2.516604150600933e-003	1.739497e-001
2.540994150600933e-003	1.683835e-001
2.565384150600933e-003	1.625941e-001
2.589774150600933e-003	1.565792e-001
2.614164150600933e-003	1.503342e-001
2.638554150600933e-003	1.438528e-001
2.662944150600933e-003	1.371261e-001
2.687334150600933e-003	1.301425e-001
2.711724150600933e-003	1.228878e-001
2.736114150600933e-003	1.153448e-001
2.760504150600933e-003	1.074941e-001
2.784894150600933e-003	9.931399e-002
2.809284150600933e-003	9.078165e-002
2.833674150600933e-003	8.187404e-002
2.858064150600933e-003	7.256921e-002
2.882454150600933e-003	6.284764e-002
2.906844150600933e-003	5.269370e-002
2.931234150600933e-003	4.209677e-002
2.955624150600933e-003	3.105203e-002
2.980014150600933e-003	1.956091e-002
3.004404150600933e-003	7.630974e-003
3.028794150600933e-003	-4.724478e-003
3.053184150600933e-003	-1.748719e-002
3.077574150600933e-003	-3.063484e-002
3.101964150600933e-003	-4.414206e-002
3.126354150600933e-003	-5.798133e-002
3.175134150600933e-003	-8.654013e-002
3.223914150600933e-003	-1.160767e-001
3.272694150600933e-003	-1.463356e-001
3.297084150600933e-003	-1.616411e-001
3.321474150600933e-003	-1.770851e-001
3.345864150600933e-003	-1.926391e-001
3.370254150600933e-003	-2.082509e-001
3.394644150600933e-003	-2.238997e-001
3.419034150600933e-003	-2.395644e-001
3.467814150600933e-003	-2.708609e-001
3.540984150600933e-003	-3.174445e-001
3.614154150600933e-003	-3.631878e-001
3.687324150600933e-003	-4.076789e-001
3.760494150600933e-003	-4.505472e-001
3.833664150600933e-003	-4.914573e-001
3.882444150600933e-003	-5.174909e-001
3.931224150600933e-003	-5.424345e-001
3.980004150600933e-003	-5.662099e-001
4.004394150600933e-003	-5.776364e-001
4.028784150600933e-003	-5.887437e-001
4.053174150600933e-003	-5.995234e-001
4.077564150600933e-003	-6.099675e-001
4.101954150600933e-003	-6.200681e-001
4.126344150600933e-003	-6.298178e-001
4.175124150600933e-003	-6.482360e-001
4.223904150600933e-003	-6.651683e-001
4.248294150600933e-003	-6.730620e-001
4.272684150600933e-003	-6.805662e-001
4.297074150600933e-003	-6.876758e-001
4.321464150600933e-003	-6.943857e-001
4.345854150600933e-003	-7.006897e-001
4.370244150600933e-003	-7.065850e-001
4.394634150600933e-003	-7.120710e-001
4.419024150600933e-003	-7.171388e-001
4.443414150600933e-003	-7.217832e-001
4.467804150600933e-003	-7.260088e-001
4.492194150600933e-003	-7.298132e-001
4.516584150600933e-003	-7.331882e-001
4.540974150600933e-003	-7.361312e-001
4.565364150600933e-003	-7.386428e-001
4.589754150600933e-003	-7.407217e-001
4.614144150600933e-003	-7.423669e-001
4.638534150600933e-003	-7.435776e-001
4.662924150600933e-003	-7.443536e-001
4.687314150600933e-003	-7.446948e-001
4.711704150600933e-003	-7.446014e-001
4.736094150600933e-003	-7.440742e-001
4.760484150600933e-003	-7.431139e-001
4.784874150600933e-003	-7.417219e-001
4.809264150600933e-003	-7.398995e-001
4.833654150600933e-003	-7.376486e-001
4.858044150600933e-003	-7.349713e-001
4.882434150600933e-003	-7.318698e-001
4.906824150600933e-003	-7.283468e-001
4.931214150600933e-003	-7.244052e-001
4.955604150600933e-003	-7.200480e-001
4.979994150600933e-003	-7.152784e-001
5.004384150600933e-003	-7.101003e-001
5.028774150600933e-003	-7.045173e-001
5.053164150600933e-003	-6.985334e-001
5.077554150600933e-003	-6.921528e-001
5.101944150600933e-003	-6.853799e-001
5.126334150600933e-003	-6.782193e-001
5.150724150600933e-003	-6.706757e-001
5.175114150600933e-003	-6.627541e-001
5.199504150600933e-003	-6.544596e-001
5.223894150600933e-003	-6.457974e-001
5.248284150600933e-003	-6.367730e-001
5.272674150600933e-003	-6.273921e-001
5.297064150600933e-003	-6.176600e-001
5.321454150600933e-003	-6.075829e-001
5.345844150600933e-003	-5.971667e-001
5.394624150600933e-003	-5.753416e-001
5.443404150600933e-003	-5.522350e-001
5.492184150600933e-003	-5.278994e-001
5.565354150600933e-003	-4.892108e-001
5.614134150600933e-003	-4.620437e-001
5.662914150600933e-003	-4.338450e-001
5.687304150600933e-003	-4.193774e-001
5.711694150600933e-003	-4.046746e-001
5.736084150600933e-003	-3.897443e-001
5.760474150600933e-003	-3.745944e-001
5.784864150600933e-003	-3.592327e-001
5.809254150600933e-003	-3.436673e-001
5.833644150600933e-003	-3.279063e-001
5.858034150600933e-003	-3.119580e-001
5.882424150600933e-003	-2.958305e-001
5.906814150600933e-003	-2.795324e-001
5.931204150600934e-003	-2.630721e-001
5.979984150600934e-003	-2.296990e-001
6.028764150600934e-003	-1.957808e-001
6.077544150600934e-003	-1.613882e-001
6.126324150600934e-003	-1.265933e-001
6.175104150600934e-003	-9.146955e-002
6.223884150600934e-003	-5.609180e-002
6.297054150600934e-003	-2.721287e-003
6.370224150600934e-003	5.079499e-002
6.443394150600934e-003	1.041691e-001
6.516564150600934e-003	1.571185e-001
6.565344150600934e-003	1.920429e-001
6.638514150600934e-003	2.436406e-001
6.711684150600934e-003	2.939904e-001
6.784854150600934e-003	3.427503e-001
6.858024150600934e-003	3.895397e-001
6.906804150600934e-003	4.194296e-001
6.955584150600934e-003	4.481134e-001
7.004364150600934e-003	4.754328e-001
7.053144150600934e-003	5.012085e-001
7.101924150600934e-003	5.252344e-001
7.126314150600934e-003	5.364757e-001
7.175094150600934e-003	5.572691e-001
7.199484150600934e-003	5.668316e-001
7.223874150600934e-003	5.757447e-001
7.248264150600934e-003	5.839640e-001
7.272654150600934e-003	5.914428e-001
7.297044150600934e-003	5.981332e-001
7.321434150600934e-003	6.039875e-001
7.345824150600934e-003	6.089605e-001
7.370214150600934e-003	6.130124e-001
7.394604150600934e-003	6.161122e-001
7.418994150600934e-003	6.182417e-001
7.443384150600934e-003	6.193995e-001
7.467774150600934e-003	6.196033e-001
7.492164150600934e-003	6.188916e-001
7.516554150600934e-003	6.173217e-001
7.540944150600934e-003	6.149659e-001
7.565334150600934e-003	6.119058e-001
7.589724150600934e-003	6.082264e-001
7.614114150600934e-003	6.040093e-001
7.638504150600934e-003	5.993293e-001
7.662894150600934e-003	5.942507e-001
7.687284150600934e-003	5.888273e-001
7.711674150600934e-003	5.831015e-001
7.736064150600934e-003	5.771066e-001
7.760454150600934e-003	5.708674e-001
7.784844150600934e-003	5.644018e-001
7.809234150600934e-003	5.577229e-001
7.833624150600934e-003	5.508394e-001
7.858014150600933e-003	5.437572e-001
7.882404150600932e-003	5.364802e-001
7.906794150600931e-003	5.290110e-001
7.931184150600930e-003	5.213507e-001
7.955574150600929e-003	5.135008e-001
7.979964150600928e-003	5.054618e-001
8.004354150600928e-003	4.972348e-001
8.028744150600927e-003	4.888209e-001
8.053134150600926e-003	4.802215e-001
8.077524150600925e-003	4.714387e-001
8.101914150600924e-003	4.624749e-001
8.126304150600923e-003	4.533333e-001
8.150694150600922e-003	4.440177e-001
8.175084150600922e-003	4.345329e-001
8.199474150600921e-003	4.248841e-001
8.223864150600920e-003	4.150779e-001
8.248254150600919e-003	4.051215e-001
8.272644150600918e-003	3.950230e-001
8.297034150600917e-003	3.847921e-001
8.321424150600916e-003	3.744392e-001
8.345814150600915e-003	3.639760e-001
8.370204150600915e-003	3.534158e-001
8.394594150600914e-003	3.427733e-001
8.418984150600913e-003	3.320645e-001
8.443374150600912e-003	3.213076e-001
8.467764150600911e-003	3.105222e-001
8.492154150600910e-003	2.997151e-001
8.516544150600909e-003	2.889067e-001
8.540934150600909e-003	2.781513e-001
8.565324150600908e-003	2.675045e-001
8.589714150600907e-003	2.569877e-001
8.614104150600906e-003	2.465888e-001
8.638494150600905e-003	2.363397e-001
8.662884150600904e-003	2.263001e-001
8.711664150600902e-003	2.070085e-001
8.760444150600901e-003	1.890386e-001
8.784834150600900e-003	1.806473e-001
8.809224150600899e-003	1.726981e-001
8.833614150600898e-003	1.652189e-001
8.858004150600897e-003	1.582301e-001
8.882394150600896e-003	1.517427e-001
8.906784150600896e-003	1.457579e-001
8.931174150600895e-003	1.402661e-001
8.955564150600894e-003	1.352483e-001
8.979954150600893e-003	1.306763e-001
9.004344150600892e-003	1.265158e-001
9.028734150600891e-003	1.227278e-001
9.053124150600890e-003	1.192714e-001
9.077514150600890e-003	1.161060e-001
9.101904150600889e-003	1.131925e-001
9.126294150600888e-003	1.104951e-001
9.150684150600887e-003	1.079816e-001
9.175074150600886e-003	1.056240e-001
9.199464150600885e-003	1.033982e-001
9.223854150600884e-003	1.012839e-001
9.248244150600883e-003	9.926439e-002
9.272634150600883e-003	9.732591e-002
9.297024150600882e-003	9.545724e-002
9.321414150600881e-003	9.364934e-002
9.345804150600880e-003	9.189496e-002
9.370194150600879e-003	9.018829e-002
9.394584150600878e-003	8.852470e-002
9.418974150600877e-003	8.690047e-002
9.443364150600877e-003	8.531263e-002
9.467754150600876e-003	8.375879e-002
9.516534150600874e-003	8.074570e-002
9.589704150600871e-003	7.644235e-002
9.621062722029441e-003	7.467469e-002
9.652421293458013e-003	7.294610e-002
9.683779864886583e-003	7.125657e-002
9.715138436315152e-003	6.960610e-002
9.746497007743722e-003	6.799469e-002
9.777855579172294e-003	6.642235e-002
9.809214150600864e-003	6.488907e-002
9.830119864886577e-003	6.388553e-002
9.851025579172291e-003	6.289695e-002
9.871931293458005e-003	6.192335e-002
9.892837007743717e-003	6.096472e-002
9.913742722029431e-003	6.002105e-002
9.934648436315145e-003	5.909236e-002
9.955554150600858e-003	5.817864e-002
9.976459864886572e-003	5.727899e-002
9.997365579172286e-003	5.639285e-002
1.001827129345800e-002	5.552020e-002
1.003917700774371e-002	5.466106e-002
1.006008272202943e-002	5.381542e-002
1.008098843631514e-002	5.298329e-002
1.010189415060085e-002	5.216465e-002
1.017506415060085e-002	4.939909e-002
1.022384415060085e-002	4.764198e-002
1.024823415060085e-002	4.678962e-002
1.027262415060085e-002	4.595517e-002
1.029701415060085e-002	4.513924e-002
1.032140415060085e-002	4.434279e-002
1.034579415060084e-002	4.356720e-002
1.037018415060084e-002	4.281440e-002
1.039457415060084e-002	4.208712e-002
1.041896415060084e-002	4.138905e-002
1.044335415060084e-002	4.072521e-002
1.046774415060084e-002	4.010227e-002
1.049213415060084e-002	3.952906e-002
1.051652415060084e-002	3.901714e-002
1.054091415060084e-002	3.858147e-002
1.056530415060084e-002	3.824114e-002
1.058969415060084e-002	3.802023e-002
1.061408415060084e-002	3.794854e-002
1.063847415060083e-002	3.806226e-002
1.066286415060083e-002	3.840423e-002
1.068725415060083e-002	3.902370e-002
1.071164415060083e-002	3.997521e-002
1.073603415060083e-002	4.131655e-002
1.076042415060083e-002	4.310552e-002
1.078481415060083e-002	4.539596e-002
1.080920415060083e-002	4.823328e-002
1.083359415060083e-002	5.165028e-002
1.085798415060083e-002	5.566408e-002
1.088237415060083e-002	6.027454e-002
1.090676415060083e-002	6.546460e-002
1.093115415060082e-002	7.120214e-002
1.095554415060082e-002	7.744296e-002
1.097993415060082e-002	8.413423e-002
1.100432415060082e-002	9.121796e-002
1.102871415060082e-002	9.863396e-002
1.105310415060082e-002	1.063222e-001
1.107749415060082e-002	1.142248e-001
1.110188415060082e-002	1.222866e-001
1.112627415060082e-002	1.304564e-001
1.115066415060082e-002	1.386872e-001
1.117505415060082e-002	1.469016e-001
1.119944415060081e-002	1.550643e-001
1.122383415060081e-002	1.632135e-001
1.124822415060081e-002	1.713117e-001
1.127261415060081e-002	1.792906e-001
1.129700415060081e-002	1.871269e-001
1.132139415060081e-002	1.947980e-001
1.134578415060081e-002	2.022836e-001
1.137017415060081e-002	2.095659e-001
1.141895415060081e-002	2.234581e-001
1.146773415060081e-002	2.363666e-001
1.151651415060080e-002	2.482064e-001
1.156529415060080e-002	2.589116e-001
1.158968415060080e-002	2.638286e-001
1.161407415060080e-002	2.684500e-001
1.163846415060080e-002	2.727531e-001
1.166285415060080e-002	2.767354e-001
1.171163415060080e-002	2.837802e-001
1.176041415060079e-002	2.895665e-001
1.178480415060079e-002	2.919829e-001
1.180919415060079e-002	2.940808e-001
1.183358415060079e-002	2.958605e-001
1.185797415060079e-002	2.973226e-001
1.188236415060079e-002	2.984679e-001
1.190675415060079e-002	2.992977e-001
1.193114415060079e-002	2.998139e-001
1.197992415060079e-002	2.999130e-001
1.202870415060079e-002	2.987850e-001
1.205309415060078e-002	2.977681e-001
1.207748415060078e-002	2.964538e-001
1.210187415060078e-002	2.948456e-001
1.212626415060078e-002	2.929474e-001
1.215065415060078e-002	2.907634e-001
1.217504415060078e-002	2.882978e-001
1.219943415060078e-002	2.855551e-001
1.222382415060078e-002	2.825399e-001
1.224821415060078e-002	2.792570e-001
1.227260415060078e-002	2.757113e-001
1.232138415060077e-002	2.678523e-001
1.234577415060077e-002	2.635494e-001
1.237016415060077e-002	2.590048e-001
1.239455415060077e-002	2.542236e-001
1.241894415060077e-002	2.492111e-001
1.244333415060077e-002	2.439727e-001
1.246772415060077e-002	2.385133e-001
1.249211415060077e-002	2.328378e-001
1.251650415060077e-002	2.269508e-001
1.254089415060077e-002	2.208565e-001
1.256528415060077e-002	2.145587e-001
1.258967415060077e-002	2.080602e-001
1.261406415060076e-002	2.013634e-001
1.263845415060076e-002	1.944693e-001
1.266284415060076e-002	1.873782e-001
1.268723415060076e-002	1.800883e-001
1.271162415060076e-002	1.725965e-001
1.273601415060076e-002	1.648976e-001
1.276040415060076e-002	1.569842e-001
1.278479415060076e-002	1.488463e-001
1.280918415060076e-002	1.404716e-001
1.283357415060076e-002	1.318450e-001
1.285796415060076e-002	1.229493e-001
1.288235415060075e-002	1.137652e-001
1.290674415060075e-002	1.042721e-001
1.293113415060075e-002	9.444916e-002
1.295552415060075e-002	8.427648e-002
1.297991415060075e-002	7.373610e-002
1.300430415060075e-002	6.281349e-002
1.302869415060075e-002	5.149859e-002
1.305308415060075e-002	3.978664e-002
1.307747415060075e-002	2.767862e-002
1.310186415060075e-002	1.518130e-002
1.312625415060075e-002	2.306867e-003
1.315064415060075e-002	-1.092766e-002
1.317503415060074e-002	-2.450128e-002
1.319942415060074e-002	-3.838991e-002
1.322381415060074e-002	-5.256725e-002
1.324820415060074e-002	-6.700558e-002
1.329698415060074e-002	-9.655142e-002
1.334576415060074e-002	-1.268006e-001
1.339454415060074e-002	-1.574624e-001
1.341893415060074e-002	-1.729297e-001
1.346771415060073e-002	-2.040302e-001
1.351649415060073e-002	-2.351354e-001
1.354088415060073e-002	-2.506387e-001
1.356527415060073e-002	-2.660835e-001
1.358966415060073e-002	-2.814519e-001
1.363844415060073e-002	-3.118903e-001
1.371161415060073e-002	-3.565632e-001
1.376039415060072e-002	-3.855172e-001
1.380917415060072e-002	-4.136831e-001
1.383356415060072e-002	-4.274393e-001
1.385795415060072e-002	-4.409667e-001
1.388234415060072e-002	-4.542491e-001
1.390673415060072e-002	-4.672655e-001
1.395551415060072e-002	-4.924945e-001
1.402868415060071e-002	-5.281737e-001
1.410185415060071e-002	-5.610300e-001
1.417502415060071e-002	-5.908431e-001
1.422380415060071e-002	-6.089306e-001
1.427258415060071e-002	-6.255270e-001
1.429697415060070e-002	-6.332513e-001
1.432136415060070e-002	-6.405858e-001
1.434575415060070e-002	-6.475253e-001
1.437014415060070e-002	-6.540653e-001
1.439453415060070e-002	-6.602011e-001
1.441892415060070e-002	-6.659286e-001
1.444331415060070e-002	-6.712442e-001
1.446770415060070e-002	-6.761442e-001
1.451648415060070e-002	-6.846851e-001
1.456526415060070e-002	-6.915295e-001
1.461404415060069e-002	-6.966605e-001
1.463843415060069e-002	-6.985795e-001
1.466282415060069e-002	-7.000660e-001
1.468721415060069e-002	-7.011194e-001
1.471160415060069e-002	-7.017392e-001
1.473599415060069e-002	-7.019253e-001
1.476038415060069e-002	-7.016778e-001
1.478477415060069e-002	-7.009973e-001
1.480916415060069e-002	-6.998846e-001
1.483355415060069e-002	-6.983407e-001
1.485794415060068e-002	-6.963669e-001
1.488233415060068e-002	-6.939650e-001
1.490672415060068e-002	-6.911368e-001
1.493111415060068e-002	-6.878846e-001
1.495550415060068e-002	-6.842107e-001
1.497989415060068e-002	-6.801180e-001
1.500428415060068e-002	-6.756094e-001
1.505306415060068e-002	-6.653576e-001
1.510184415060068e-002	-6.534843e-001
1.515062415060067e-002	-6.400220e-001
1.519940415060067e-002	-6.250066e-001
1.524818415060067e-002	-6.084774e-001
1.529696415060067e-002	-5.904769e-001
1.537013415060067e-002	-5.608170e-001
1.544330415060066e-002	-5.281130e-001
1.551647415060066e-002	-4.925412e-001
1.558615986488637e-002	-4.556949e-001
1.565584557917209e-002	-4.170551e-001
1.572553129345780e-002	-3.766219e-001
1.579521700774351e-002	-3.343952e-001
1.586490272202922e-002	-2.903751e-001
1.593458843631494e-002	-2.445615e-001
1.600427415060065e-002	-1.969544e-001
1.603911700774350e-002	-1.729033e-001
1.607395986488636e-002	-1.486790e-001
1.610880272202921e-002	-1.242813e-001
1.614364557917207e-002	-9.971029e-002
1.617848843631493e-002	-7.496598e-002
1.621333129345778e-002	-5.004837e-002
1.624817415060064e-002	-2.495744e-002
1.629695415060064e-002	1.017647e-002
1.632134415060063e-002	2.780424e-002
1.634573415060063e-002	4.540574e-002
1.637012415060063e-002	6.298096e-002
1.639451415060063e-002	8.052990e-002
1.641890415060063e-002	9.805257e-002
1.644329415060063e-002	1.155490e-001
1.646768415060063e-002	1.330191e-001
1.649555843631492e-002	1.529211e-001
1.652343272202920e-002	1.726689e-001
1.655130700774348e-002	1.922624e-001
1.657918129345777e-002	2.117017e-001
1.660705557917205e-002	2.309868e-001
1.663492986488634e-002	2.501177e-001
1.666280415060062e-002	2.690943e-001
1.669416272202919e-002	2.902086e-001
1.672552129345776e-002	3.109054e-001
1.675687986488633e-002	3.311849e-001
1.678823843631491e-002	3.510469e-001
1.681959700774348e-002	3.704915e-001
1.685095557917204e-002	3.895187e-001
1.688231415060061e-002	4.081285e-001
1.695548415060061e-002	4.489890e-001
1.700426415060061e-002	4.740258e-001
1.702865415060061e-002	4.858310e-001
1.705304415060061e-002	4.971402e-001
1.707743415060061e-002	5.078819e-001
1.710182415060061e-002	5.180154e-001
1.712621415060061e-002	5.274982e-001
1.715060415060061e-002	5.362862e-001
1.717499415060060e-002	5.443352e-001
1.719938415060060e-002	5.516021e-001
1.722377415060060e-002	5.580472e-001
1.724816415060060e-002	5.636368e-001
1.727255415060060e-002	5.683466e-001
1.729694415060060e-002	5.721642e-001
1.732133415060060e-002	5.750929e-001
1.734572415060060e-002	5.771520e-001
1.737011415060060e-002	5.783779e-001
1.739450415060060e-002	5.788214e-001
1.741889415060060e-002	5.785440e-001
1.744328415060059e-002	5.776136e-001
1.746767415060059e-002	5.760989e-001
1.749206415060059e-002	5.740658e-001
1.751645415060059e-002	5.715735e-001
1.754084415060059e-002	5.686734e-001
1.756523415060059e-002	5.654078e-001
1.758962415060059e-002	5.618111e-001
1.761401415060059e-002	5.579097e-001
1.763840415060059e-002	5.537238e-001
1.766279415060059e-002	5.492681e-001
1.768718415060059e-002	5.445531e-001
1.771157415060059e-002	5.395861e-001
1.773596415060058e-002	5.343718e-001
1.776035415060058e-002	5.289132e-001
1.778474415060058e-002	5.232118e-001
1.780913415060058e-002	5.172686e-001
1.783352415060058e-002	5.110835e-001
1.785791415060058e-002	5.046564e-001
1.788230415060058e-002	4.979872e-001
1.790669415060058e-002	4.910754e-001
1.793108415060058e-002	4.839208e-001
1.795547415060058e-002	4.765236e-001
1.797986415060058e-002	4.688840e-001
1.800425415060057e-002	4.610026e-001
1.802864415060057e-002	4.528804e-001
1.805303415060057e-002	4.445186e-001
1.807742415060057e-002	4.359191e-001
1.810181415060057e-002	4.270841e-001
1.812620415060057e-002	4.180162e-001
1.815059415060057e-002	4.087187e-001
1.817498415060057e-002	3.991952e-001
1.819937415060057e-002	3.894500e-001
1.822376415060057e-002	3.794879e-001
1.824815415060057e-002	3.693142e-001
1.827254415060057e-002	3.589332e-001
1.829693415060056e-002	3.483511e-001
1.832132415060056e-002	3.375787e-001
1.834571415060056e-002	3.266249e-001
1.837010415060056e-002	3.154970e-001
1.841888415060056e-002	2.927602e-001
1.846766415060056e-002	2.694609e-001
1.851644415060056e-002	2.457113e-001
1.856522415060056e-002	2.216465e-001
1.858961415060055e-002	2.095459e-001
1.861400415060055e-002	1.974307e-001
1.863839415060055e-002	1.853271e-001
1.866278415060055e-002	1.732639e-001
1.868717415060055e-002	1.612732e-001
1.871156415060055e-002	1.494224e-001
1.873595415060055e-002	1.377565e-001
1.876034415060055e-002	1.262568e-001
1.878473415060055e-002	1.149652e-001
1.880912415060055e-002	1.039631e-001
1.883351415060055e-002	9.330573e-002
1.885790415060054e-002	8.305165e-002
1.888229415060054e-002	7.326201e-002
1.890668415060054e-002	6.399880e-002
1.893107415060054e-002	5.532274e-002
1.895546415060054e-002	4.729007e-002
1.897985415060054e-002	3.994892e-002
1.900424415060054e-002	3.333521e-002
1.902863415060054e-002	2.746872e-002
1.905302415060054e-002	2.235016e-002
1.907741415060054e-002	1.795985e-002
1.910180415060054e-002	1.425859e-002
1.912619415060054e-002	1.119066e-002
1.915058415060053e-002	8.688570e-003
1.917497415060053e-002	6.678575e-003
1.919936415060053e-002	5.085981e-003
1.922375415060053e-002	3.839570e-003
1.924814415060053e-002	2.874629e-003
1.927253415060053e-002	2.134662e-003
1.929692415060053e-002	1.557672e-003
1.931055608069470e-002	1.302243e-003
1.932859581993153e-002	1.032356e-003
1.934854051173618e-002	7.930467e-004
1.937293051173617e-002	5.669740e-004
1.939732051173617e-002	3.964525e-004
1.942171051173617e-002	2.705393e-004
1.944610051173617e-002	1.779945e-004
1.947049051173617e-002	1.098234e-004
1.949226779005228e-002	6.488981e-005
1.951481952075255e-002	3.031220e-005
1.953503905386587e-002	6.938625e-006
1.955431076748120e-002	-9.889825e-006
1.957363614159275e-002	-2.278215e-005
1.959163080688370e-002	-3.192928e-005
1.961133660447634e-002	-3.947590e-005
1.963141266410511e-002	-4.513771e-005
1.965580266410510e-002	-4.997705e-005
1.968019266410510e-002	-5.336922e-005
1.970458266410510e-002	-5.563384e-005
1.975336266410510e-002	-5.726238e-005
1.977426837839081e-002	-5.719320e-005
1.979517409267653e-002	-5.700494e-005
1.981607980696224e-002	-5.669760e-005
1.983698552124796e-002	-5.627118e-005
1.985789123553367e-002	-5.572569e-005
1.987879694981938e-002	-5.506112e-005
1.989970266410510e-002	-5.427747e-005
1.997287266410509e-002	-5.148972e-005
1.999029409267652e-002	-5.079268e-005
2.000771552124795e-002	-5.004069e-005
2.002513694981938e-002	-4.923377e-005
2.004255837839080e-002	-4.837190e-005
2.005997980696223e-002	-4.745511e-005
2.007740123553366e-002	-4.648337e-005
2.009482266410509e-002	-4.545669e-005
2.016799266410509e-002	-3.912921e-005
2.021677266410508e-002	-3.149832e-005
2.024116266410508e-002	-2.603674e-005
2.026555266410508e-002	-1.881700e-005
2.028994266410508e-002	-9.193137e-006
2.031433266410508e-002	3.706267e-006
2.033872266410508e-002	2.105485e-005
2.036311266410508e-002	4.442578e-005
2.038750266410508e-002	7.592136e-005
2.041189266410508e-002	1.183376e-004
2.043628266410508e-002	1.753775e-004
2.046067266410508e-002	2.519185e-004
2.048506266410508e-002	3.543492e-004
2.050945266410507e-002	4.909809e-004
2.053384266410507e-002	6.725449e-004
2.055823266410507e-002	9.127725e-004
2.058262266410507e-002	1.229049e-003
2.060701266410507e-002	1.643108e-003
2.063140266410507e-002	2.181708e-003
2.065579266410507e-002	2.877187e-003
2.068018266410507e-002	3.767759e-003
2.070457266410507e-002	4.897363e-003
2.072896266410507e-002	6.314854e-003
2.075335266410507e-002	8.072368e-003
2.077774266410506e-002	1.022279e-002
2.080213266410506e-002	1.281640e-002
2.082652266410506e-002	1.589708e-002
2.085091266410506e-002	1.949857e-002
2.087530266410506e-002	2.364136e-002
2.089969266410506e-002	2.833087e-002
2.092408266410506e-002	3.355709e-002
2.094847266410506e-002	3.929569e-002
2.097286266410506e-002	4.551027e-002
2.099725266410506e-002	5.215525e-002
2.102164266410506e-002	5.917893e-002
2.104603266410506e-002	6.652631e-002
2.107042266410505e-002	7.414152e-002
2.109481266410505e-002	8.196963e-002
2.111920266410505e-002	8.995789e-002
2.114359266410505e-002	9.805670e-002
2.116798266410505e-002	1.062199e-001
2.119237266410505e-002	1.144053e-001
2.121676266410505e-002	1.225741e-001
2.124115266410505e-002	1.306913e-001
2.126554266410505e-002	1.387254e-001
2.128993266410505e-002	1.466478e-001
2.131432266410505e-002	1.544331e-001
2.133871266410505e-002	1.620585e-001
2.136310266410504e-002	1.695033e-001
2.138749266410504e-002	1.767495e-001
2.141188266410504e-002	1.837807e-001
2.143627266410504e-002	1.905698e-001
2.148505266410504e-002	2.034019e-001
2.153383266410504e-002	2.152212e-001
2.158261266410504e-002	2.259170e-001
2.163139266410503e-002	2.354390e-001
2.165578266410503e-002	2.397477e-001
2.168017266410503e-002	2.437499e-001
2.170456266410503e-002	2.474428e-001
2.172895266410503e-002	2.508240e-001
2.175334266410503e-002	2.538918e-001
2.177773266410503e-002	2.566451e-001
2.180212266410503e-002	2.590831e-001
2.182651266410503e-002	2.612057e-001
2.187529266410503e-002	2.645059e-001
2.192407266410502e-002	2.665520e-001
2.197285266410502e-002	2.673567e-001
2.202163266410502e-002	2.669377e-001
2.204602266410502e-002	2.662762e-001
2.207041266410502e-002	2.653175e-001
2.209480266410502e-002	2.640651e-001
2.211919266410502e-002	2.625229e-001
2.214358266410502e-002	2.606946e-001
2.219236266410501e-002	2.561969e-001
2.224114266410501e-002	2.506069e-001
2.228992266410501e-002	2.439627e-001
2.231431266410501e-002	2.402577e-001
2.233870266410501e-002	2.363042e-001
2.236309266410501e-002	2.321072e-001
2.238748266410501e-002	2.276718e-001
2.241187266410501e-002	2.230029e-001
2.243626266410501e-002	2.181053e-001
2.246065266410501e-002	2.129837e-001
2.248504266410500e-002	2.076424e-001
2.250943266410500e-002	2.020851e-001
2.253382266410500e-002	1.963153e-001
2.255821266410500e-002	1.903355e-001
2.258260266410500e-002	1.841474e-001
2.260699266410500e-002	1.777517e-001
2.263138266410500e-002	1.711479e-001
2.265577266410500e-002	1.643334e-001
2.268016266410500e-002	1.573043e-001
2.270455266410500e-002	1.500544e-001
2.272894266410500e-002	1.425750e-001
2.275333266410499e-002	1.348549e-001
2.277772266410499e-002	1.268803e-001
2.280211266410499e-002	1.186348e-001
2.282650266410499e-002	1.100994e-001
2.285089266410499e-002	1.012535e-001
2.287528266410499e-002	9.207550e-002
2.289967266410499e-002	8.254359e-002
2.292406266410499e-002	7.263731e-002
2.294845266410499e-002	6.233880e-002
2.297284266410499e-002	5.163406e-002
2.299723266410499e-002	4.051403e-002
2.302162266410499e-002	2.897536e-002
2.304601266410498e-002	1.702069e-002
2.307040266410498e-002	4.658577e-003
2.309479266410498e-002	-8.096983e-003
2.311918266410498e-002	-2.122731e-002
2.314357266410498e-002	-3.470990e-002
2.316796266410498e-002	-4.851943e-002
2.319235266410498e-002	-6.262855e-002
2.324113266410498e-002	-9.163111e-002
2.328991266410498e-002	-1.214865e-001
2.333869266410497e-002	-1.518913e-001
2.336308266410497e-002	-1.672822e-001
2.341186266410497e-002	-1.983301e-001
2.343625266410497e-002	-2.139121e-001
2.346064266410497e-002	-2.295040e-001
2.348503266410497e-002	-2.450850e-001
2.350942266410497e-002	-2.606353e-001
2.353381266410497e-002	-2.761358e-001
2.358259266410497e-002	-3.069161e-001
2.362788837839068e-002	-3.353480e-001
2.367318409267639e-002	-3.631119e-001
2.371847980696210e-002	-3.902079e-001
2.376377552124782e-002	-4.166358e-001
2.380907123553353e-002	-4.423958e-001
2.385436694981924e-002	-4.674878e-001
2.389966266410495e-002	-4.919118e-001
2.397283266410495e-002	-5.290514e-001
2.404600266410495e-002	-5.635029e-001
2.409478266410495e-002	-5.848597e-001
2.414356266410495e-002	-6.048530e-001
2.416795266410494e-002	-6.143197e-001
2.419234266410494e-002	-6.234240e-001
2.421673266410494e-002	-6.321592e-001
2.424112266410494e-002	-6.405193e-001
2.426551266410494e-002	-6.484979e-001
2.431429266410494e-002	-6.632894e-001
2.436307266410494e-002	-6.764925e-001
2.438746266410494e-002	-6.824867e-001
2.441185266410494e-002	-6.880706e-001
2.443624266410494e-002	-6.932403e-001
2.446063266410493e-002	-6.979926e-001
2.448502266410493e-002	-7.023240e-001
2.450941266410493e-002	-7.062320e-001
2.453380266410493e-002	-7.097139e-001
2.455819266410493e-002	-7.127678e-001
2.458258266410493e-002	-7.153916e-001
2.460697266410493e-002	-7.175839e-001
2.463136266410493e-002	-7.193434e-001
2.465575266410493e-002	-7.206693e-001
2.468014266410493e-002	-7.215610e-001
2.470453266410493e-002	-7.220181e-001
2.472892266410492e-002	-7.220387e-001
2.475331266410492e-002	-7.216231e-001
2.477770266410492e-002	-7.207761e-001
2.480209266410492e-002	-7.194988e-001
2.482648266410492e-002	-7.177902e-001
2.485087266410492e-002	-7.156540e-001
2.487526266410492e-002	-7.130919e-001
2.489965266410492e-002	-7.101020e-001
2.492404266410492e-002	-7.066867e-001
2.494843266410492e-002	-7.028505e-001
2.497282266410492e-002	-6.985964e-001
2.499721266410492e-002	-6.939276e-001
2.502160266410491e-002	-6.888475e-001
2.504599266410491e-002	-6.833597e-001
2.507038266410491e-002	-6.774682e-001
2.509477266410491e-002	-6.711769e-001
2.511916266410491e-002	-6.644902e-001
2.514355266410491e-002	-6.574126e-001
2.516794266410491e-002	-6.499489e-001
2.519233266410491e-002	-6.421040e-001
2.521672266410491e-002	-6.338829e-001
2.524111266410491e-002	-6.252909e-001
2.526550266410491e-002	-6.163336e-001
2.531428266410490e-002	-5.973455e-001
2.536306266410490e-002	-5.769653e-001
2.541184266410490e-002	-5.552426e-001
2.546062266410490e-002	-5.322288e-001
2.553379266410490e-002	-4.954057e-001
2.560696266410489e-002	-4.559886e-001
2.567316409267632e-002	-4.178393e-001
2.573936552124775e-002	-3.782948e-001
2.580556694981917e-002	-3.373552e-001
2.587176837839060e-002	-2.950205e-001
2.593796980696202e-002	-2.512906e-001
2.600417123553345e-002	-2.061656e-001
2.607037266410488e-002	-1.596455e-001
2.610173123553345e-002	-1.374770e-001
2.613308980696202e-002	-1.152057e-001
2.616444837839059e-002	-9.283176e-002
2.619580694981916e-002	-7.035511e-002
2.622716552124773e-002	-4.777576e-002
2.625852409267630e-002	-2.509371e-002
2.628988266410487e-002	-2.308970e-003
2.631775694981916e-002	1.796731e-002
2.634563123553344e-002	3.820998e-002
2.637350552124772e-002	5.841903e-002
2.640137980696201e-002	7.859447e-002
2.642925409267629e-002	9.873629e-002
2.645712837839058e-002	1.188445e-001
2.648500266410486e-002	1.389191e-001
2.650939266410486e-002	1.564056e-001
2.653378266410486e-002	1.737788e-001
2.655817266410486e-002	1.910389e-001
2.658256266410486e-002	2.081857e-001
2.660695266410486e-002	2.252194e-001
2.663134266410486e-002	2.421398e-001
2.665573266410486e-002	2.589470e-001
2.668012266410486e-002	2.756019e-001
2.670451266410485e-002	2.920449e-001
2.672890266410485e-002	3.082759e-001
2.675329266410485e-002	3.242951e-001
2.677768266410485e-002	3.401024e-001
2.680207266410485e-002	3.556978e-001
2.682646266410485e-002	3.710813e-001
2.685782123553342e-002	3.905392e-001
2.688917980696199e-002	4.093817e-001
2.692053837839056e-002	4.276087e-001
2.695189694981913e-002	4.452203e-001
2.698325552124770e-002	4.622164e-001
2.701461409267627e-002	4.785970e-001
2.704597266410484e-002	4.943622e-001
2.709475266410484e-002	5.169065e-001
2.714353266410484e-002	5.372704e-001
2.716792266410484e-002	5.464931e-001
2.719231266410484e-002	5.550174e-001
2.721670266410484e-002	5.627977e-001
2.724109266410484e-002	5.697890e-001
2.726548266410483e-002	5.759480e-001
2.728987266410483e-002	5.812364e-001
2.731426266410483e-002	5.856238e-001
2.733865266410483e-002	5.890913e-001
2.736304266410483e-002	5.916346e-001
2.738743266410483e-002	5.932665e-001
2.741182266410483e-002	5.940184e-001
2.743621266410483e-002	5.939383e-001
2.746060266410483e-002	5.930883e-001
2.748499266410483e-002	5.915395e-001
2.750938266410483e-002	5.893668e-001
2.753377266410483e-002	5.866432e-001
2.755816266410482e-002	5.834363e-001
2.758255266410482e-002	5.798054e-001
2.760694266410482e-002	5.758002e-001
2.763133266410482e-002	5.714611e-001
2.765572266410482e-002	5.668198e-001
2.768011266410482e-002	5.619004e-001
2.770450266410482e-002	5.567207e-001
2.772889266410482e-002	5.512935e-001
2.775328266410482e-002	5.456277e-001
2.777767266410482e-002	5.397294e-001
2.780206266410482e-002	5.336024e-001
2.782645266410481e-002	5.272489e-001
2.785084266410481e-002	5.206702e-001
2.787523266410481e-002	5.138670e-001
2.789962266410481e-002	5.068395e-001
2.792401266410481e-002	4.995877e-001
2.794840266410481e-002	4.921119e-001
2.797279266410481e-002	4.844121e-001
2.799718266410481e-002	4.764891e-001
2.802157266410481e-002	4.683435e-001
2.804596266410481e-002	4.599767e-001
2.807035266410481e-002	4.513904e-001
2.809474266410481e-002	4.425867e-001
2.811913266410480e-002	4.335684e-001
2.814352266410480e-002	4.243386e-001
2.816791266410480e-002	4.149013e-001
2.819230266410480e-002	4.052610e-001
2.821669266410480e-002	3.954230e-001
2.824108266410480e-002	3.853930e-001
2.826547266410480e-002	3.751777e-001
2.828986266410480e-002	3.647847e-001
2.831425266410480e-002	3.542223e-001
2.833864266410480e-002	3.434997e-001
2.836303266410480e-002	3.326226e-001
2.838742266410479e-002	3.216009e-001
2.841181266410479e-002	3.104564e-001
2.843620266410479e-002	2.992041e-001
2.846059266410479e-002	2.878549e-001
2.848498266410479e-002	2.764257e-001
2.853376266410479e-002	2.534041e-001
2.858254266410479e-002	2.303128e-001
2.863132266410479e-002	2.073625e-001
2.865571266410479e-002	1.960478e-001
2.868010266410478e-002	1.849030e-001
2.870449266410478e-002	1.739112e-001
2.872888266410478e-002	1.631108e-001
2.875327266410478e-002	1.525761e-001
2.877766266410478e-002	1.423566e-001
2.880205266410478e-002	1.325037e-001
2.882644266410478e-002	1.230701e-001
2.885083266410478e-002	1.141083e-001
2.887522266410478e-002	1.056682e-001
2.889961266410478e-002	9.779477e-002
2.892400266410478e-002	9.052502e-002
2.894839266410478e-002	8.388518e-002
2.897278266410477e-002	7.788794e-002
2.899717266410477e-002	7.253077e-002
2.902156266410477e-002	6.779535e-002
2.904595266410477e-002	6.364871e-002
2.907034266410477e-002	6.004561e-002
2.909473266410477e-002	5.693214e-002
2.911912266410477e-002	5.424968e-002
2.914351266410477e-002	5.193869e-002
2.916790266410477e-002	4.994197e-002
2.919229266410477e-002	4.820688e-002
2.921668266410477e-002	4.668675e-002
2.924107266410476e-002	4.534142e-002
2.926546266410476e-002	4.413716e-002
2.928985266410476e-002	4.304619e-002
2.931424266410476e-002	4.204606e-002
2.933863266410476e-002	4.111882e-002
2.936302266410476e-002	4.025029e-002
2.938741266410476e-002	3.942939e-002
2.941180266410476e-002	3.864749e-002
2.943619266410476e-002	3.789791e-002
2.946058266410476e-002	3.717552e-002
2.948497266410476e-002	3.647638e-002
2.950936266410476e-002	3.579747e-002
2.953375266410475e-002	3.513644e-002
2.955814266410475e-002	3.449151e-002
2.958253266410475e-002	3.386129e-002
2.963131266410475e-002	3.264076e-002
2.970448266410475e-002	3.089973e-002
2.972887266410475e-002	3.034210e-002
2.975326266410475e-002	2.979424e-002
2.977765266410475e-002	2.925616e-002
2.980204266410474e-002	2.872784e-002
2.982643266410474e-002	2.820930e-002
2.985082266410474e-002	2.770053e-002
2.987521266410474e-002	2.720153e-002
2.989263409267617e-002	2.685041e-002
2.991005552124760e-002	2.650370e-002
2.992747694981903e-002	2.616142e-002
2.994489837839045e-002	2.582355e-002
2.996231980696188e-002	2.549011e-002
2.997974123553331e-002	2.516108e-002
2.999716266410474e-002	2.483647e-002
3.002155266410474e-002	2.438910e-002
3.004594266410474e-002	2.394971e-002
3.007033266410474e-002	2.351831e-002
3.009472266410473e-002	2.309489e-002
3.011911266410473e-002	2.267945e-002
3.014350266410473e-002	2.227200e-002
3.016789266410473e-002	2.187253e-002
3.021667266410473e-002	2.109748e-002
3.024106266410473e-002	2.072241e-002
3.026545266410473e-002	2.035612e-002
3.028984266410473e-002	1.999921e-002
3.031423266410473e-002	1.965252e-002
3.033862266410473e-002	1.931721e-002
3.036301266410472e-002	1.899493e-002
3.038740266410472e-002	1.868788e-002
3.041179266410472e-002	1.839907e-002
3.043618266410472e-002	1.813251e-002
3.046057266410472e-002	1.789352e-002
3.048496266410472e-002	1.768916e-002
3.050935266410472e-002	1.752858e-002
3.053374266410472e-002	1.742371e-002
3.055813266410472e-002	1.738978e-002
3.058252266410472e-002	1.744611e-002
3.060691266410472e-002	1.761685e-002
3.063130266410472e-002	1.793163e-002
3.065569266410471e-002	1.842611e-002
3.068008266410471e-002	1.914217e-002
3.070447266410471e-002	2.012753e-002
3.072886266410471e-002	2.143456e-002
3.075325266410471e-002	2.311822e-002
3.077764266410471e-002	2.523299e-002
3.080203266410471e-002	2.782908e-002
3.082642266410471e-002	3.094832e-002
3.085081266410471e-002	3.462037e-002
3.087520266410471e-002	3.886001e-002
3.089959266410471e-002	4.366580e-002
3.092398266410470e-002	4.902048e-002
3.094837266410470e-002	5.489275e-002
3.097276266410470e-002	6.124004e-002
3.099715266410470e-002	6.801173e-002
3.102154266410470e-002	7.515232e-002
3.104593266410470e-002	8.260424e-002
3.107032266410470e-002	9.031002e-002
3.109471266410470e-002	9.821397e-002
3.111910266410470e-002	1.062633e-001
3.114349266410470e-002	1.144086e-001
3.116788266410470e-002	1.226044e-001
3.119227266410470e-002	1.307759e-001
3.121666266410469e-002	1.388887e-001
3.124105266410469e-002	1.469803e-001
3.126544266410469e-002	1.550143e-001
3.128983266410469e-002	1.629241e-001
3.131422266410469e-002	1.707065e-001
3.133861266410469e-002	1.783381e-001
3.138739266410469e-002	1.929507e-001
3.141178266410469e-002	1.999223e-001
3.146056266410469e-002	2.131134e-001
3.150934266410468e-002	2.253051e-001
3.155812266410468e-002	2.364033e-001
3.160690266410468e-002	2.463395e-001
3.165568266410468e-002	2.550719e-001
3.170446266410468e-002	2.625709e-001
3.172885266410468e-002	2.658513e-001
3.175324266410468e-002	2.688169e-001
3.177763266410467e-002	2.714664e-001
3.180202266410467e-002	2.737994e-001
3.182641266410467e-002	2.758158e-001
3.185080266410467e-002	2.775158e-001
3.187519266410467e-002	2.789001e-001
3.192397266410467e-002	2.807266e-001
3.197275266410467e-002	2.813084e-001
3.199714266410467e-002	2.811380e-001
3.202153266410467e-002	2.806635e-001
3.204592266410467e-002	2.798882e-001
3.207031266410466e-002	2.788150e-001
3.209470266410466e-002	2.774477e-001
3.211909266410466e-002	2.757899e-001
3.214348266410466e-002	2.738456e-001
3.216787266410466e-002	2.716191e-001
3.219226266410466e-002	2.691146e-001
3.221665266410466e-002	2.663367e-001
3.224104266410466e-002	2.632900e-001
3.228982266410466e-002	2.564101e-001
3.233860266410465e-002	2.485153e-001
3.236299266410465e-002	2.442002e-001
3.238738266410465e-002	2.396468e-001
3.241177266410465e-002	2.348603e-001
3.243616266410465e-002	2.298457e-001
3.246055266410465e-002	2.246077e-001
3.248494266410465e-002	2.191511e-001
3.250933266410465e-002	2.134800e-001
3.253372266410465e-002	2.075983e-001
3.255811266410465e-002	2.015091e-001
3.258250266410465e-002	1.952148e-001
3.260689266410465e-002	1.887169e-001
3.263128266410464e-002	1.820158e-001
3.265567266410464e-002	1.751104e-001
3.268006266410464e-002	1.679980e-001
3.270445266410464e-002	1.606739e-001
3.272884266410464e-002	1.531315e-001
3.275323266410464e-002	1.453612e-001
3.277762266410464e-002	1.373516e-001
3.280201266410464e-002	1.290879e-001
3.282640266410464e-002	1.205534e-001
3.285079266410464e-002	1.117289e-001
3.287518266410464e-002	1.025937e-001
3.289957266410463e-002	9.312640e-002
3.292396266410463e-002	8.330597e-002
3.294835266410463e-002	7.311304e-002
3.297274266410463e-002	6.253123e-002
3.299713266410463e-002	5.154833e-002
3.302152266410463e-002	4.015729e-002
3.304591266410463e-002	2.835680e-002
3.307030266410463e-002	1.615149e-002
3.309469266410463e-002	3.551696e-003
3.311908266410463e-002	-9.427089e-003
3.314347266410463e-002	-2.276501e-002
3.316786266410463e-002	-3.643873e-002
3.319225266410462e-002	-5.042239e-002
3.321664266410462e-002	-6.468841e-002
3.326542266410462e-002	-9.395315e-002
3.331420266410462e-002	-1.240036e-001
3.336298266410462e-002	-1.545419e-001
3.338737266410462e-002	-1.699762e-001
3.343615266410462e-002	-2.010657e-001
3.346054266410461e-002	-2.166479e-001
3.348493266410461e-002	-2.322268e-001
3.350932266410461e-002	-2.477820e-001
3.353371266410461e-002	-2.632940e-001
3.355810266410461e-002	-2.787444e-001
3.360688266410461e-002	-3.093897e-001
3.365217837839032e-002	-3.376526e-001
3.369747409267603e-002	-3.652160e-001
3.374276980696175e-002	-3.920799e-001
3.378806552124746e-002	-4.182445e-001
3.383336123553318e-002	-4.437095e-001
3.387865694981888e-002	-4.684751e-001
3.392395266410460e-002	-4.925413e-001
3.397273266410460e-002	-5.171779e-001
3.399712266410460e-002	-5.290562e-001
3.402151266410460e-002	-5.406289e-001
3.409468266410459e-002	-5.734272e-001
3.414346266410459e-002	-5.936120e-001
3.419224266410459e-002	-6.123825e-001
3.421663266410459e-002	-6.212204e-001
3.424102266410459e-002	-6.296847e-001
3.426541266410459e-002	-6.377697e-001
3.428980266410459e-002	-6.454695e-001
3.431419266410458e-002	-6.527788e-001
3.436297266410458e-002	-6.662058e-001
3.441175266410458e-002	-6.780140e-001
3.446053266410458e-002	-6.881714e-001
3.450931266410458e-002	-6.966511e-001
3.453370266410458e-002	-7.002549e-001
3.455809266410458e-002	-7.034314e-001
3.458248266410458e-002	-7.061789e-001
3.460687266410457e-002	-7.084956e-001
3.463126266410457e-002	-7.103802e-001
3.465565266410457e-002	-7.118317e-001
3.468004266410457e-002	-7.128495e-001
3.470443266410457e-002	-7.134331e-001
3.472882266410457e-002	-7.135826e-001
3.475321266410457e-002	-7.132981e-001
3.477760266410457e-002	-7.125802e-001
3.480199266410457e-002	-7.114297e-001
3.482638266410457e-002	-7.098477e-001
3.485077266410457e-002	-7.078357e-001
3.487516266410456e-002	-7.053953e-001
3.489955266410456e-002	-7.025287e-001
3.492394266410456e-002	-6.992379e-001
3.494833266410456e-002	-6.955256e-001
3.497272266410456e-002	-6.913946e-001
3.499711266410456e-002	-6.868477e-001
3.502150266410456e-002	-6.818886e-001
3.504589266410456e-002	-6.765205e-001
3.507028266410456e-002	-6.707474e-001
3.509467266410456e-002	-6.645732e-001
3.514345266410456e-002	-6.510386e-001
3.519223266410455e-002	-6.359531e-001
3.524101266410455e-002	-6.193564e-001
3.528979266410455e-002	-6.012909e-001
3.533857266410455e-002	-5.818021e-001
3.541174266410455e-002	-5.500056e-001
3.548491266410454e-002	-5.152868e-001
3.555808266410454e-002	-4.778289e-001
3.562776837839025e-002	-4.393043e-001
3.569745409267596e-002	-3.991193e-001
3.576713980696167e-002	-3.572738e-001
3.583682552124739e-002	-3.137680e-001
3.590651123553310e-002	-2.686017e-001
3.597619694981881e-002	-2.217750e-001
3.604588266410452e-002	-1.732878e-001
3.607724123553310e-002	-1.513176e-001
3.610859980696166e-002	-1.292275e-001
3.613995837839024e-002	-1.070176e-001
3.617131694981880e-002	-8.468783e-002
3.620267552124738e-002	-6.223824e-002
3.623403409267594e-002	-3.966882e-002
3.626539266410452e-002	-1.697955e-002
3.628978266410451e-002	6.575581e-004
3.631765694981880e-002	2.088169e-002
3.634553123553309e-002	4.107097e-002
3.637340552124737e-002	6.122539e-002
3.640127980696165e-002	8.134496e-002
3.642915409267594e-002	1.014297e-001
3.645702837839022e-002	1.214795e-001
3.648490266410451e-002	1.414945e-001
3.650929266410451e-002	1.589271e-001
3.653368266410451e-002	1.762435e-001
3.655807266410451e-002	1.934437e-001
3.658246266410450e-002	2.105278e-001
3.660685266410450e-002	2.274957e-001
3.663124266410450e-002	2.443474e-001
3.665563266410450e-002	2.610830e-001
3.668002266410450e-002	2.776626e-001
3.670441266410450e-002	2.940239e-001
3.672880266410450e-002	3.101668e-001
3.675319266410450e-002	3.260913e-001
3.677758266410450e-002	3.417975e-001
3.680197266410450e-002	3.572853e-001
3.682636266410450e-002	3.725548e-001
3.685423694981878e-002	3.897100e-001
3.688211123553307e-002	4.063762e-001
3.690998552124735e-002	4.225534e-001
3.693785980696163e-002	4.382417e-001
3.696573409267592e-002	4.534409e-001
3.699360837839021e-002	4.681512e-001
3.702148266410449e-002	4.823725e-001
3.707026266410449e-002	5.054305e-001
3.709465266410449e-002	5.161915e-001
3.711904266410449e-002	5.263542e-001
3.714343266410448e-002	5.358763e-001
3.716782266410448e-002	5.447141e-001
3.719221266410448e-002	5.528224e-001
3.721660266410448e-002	5.601566e-001
3.724099266410448e-002	5.666739e-001
3.726538266410448e-002	5.723363e-001
3.728977266410448e-002	5.771130e-001
3.731416266410448e-002	5.809845e-001
3.733855266410448e-002	5.839450e-001
3.736294266410448e-002	5.860058e-001
3.738733266410448e-002	5.871952e-001
3.741172266410447e-002	5.875587e-001
3.743611266410447e-002	5.871551e-001
3.746050266410447e-002	5.860526e-001
3.748489266410447e-002	5.843233e-001
3.750928266410447e-002	5.820383e-001
3.753367266410447e-002	5.792635e-001
3.755806266410447e-002	5.760570e-001
3.758245266410447e-002	5.724680e-001
3.760684266410447e-002	5.685365e-001
3.763123266410447e-002	5.642941e-001
3.765562266410447e-002	5.597650e-001
3.768001266410447e-002	5.549672e-001
3.770440266410446e-002	5.499135e-001
3.772879266410446e-002	5.446131e-001
3.775318266410446e-002	5.390722e-001
3.777757266410446e-002	5.332946e-001
3.780196266410446e-002	5.272827e-001
3.782635266410446e-002	5.210378e-001
3.785074266410446e-002	5.145604e-001
3.787513266410446e-002	5.078506e-001
3.789952266410446e-002	5.009085e-001
3.792391266410446e-002	4.937339e-001
3.794830266410446e-002	4.863268e-001
3.797269266410445e-002	4.786873e-001
3.799708266410445e-002	4.708162e-001
3.802147266410445e-002	4.627141e-001
3.804586266410445e-002	4.543824e-001
3.807025266410445e-002	4.458226e-001
3.809464266410445e-002	4.370370e-001
3.811903266410445e-002	4.280280e-001
3.814342266410445e-002	4.187990e-001
3.816781266410445e-002	4.093537e-001
3.819220266410445e-002	3.996963e-001
3.821659266410445e-002	3.898318e-001
3.824098266410445e-002	3.797657e-001
3.826537266410444e-002	3.695045e-001
3.828976266410444e-002	3.590552e-001
3.831415266410444e-002	3.484225e-001
3.833854266410444e-002	3.376144e-001
3.836293266410444e-002	3.266460e-001
3.838732266410444e-002	3.155289e-001
3.841171266410444e-002	3.042720e-001
3.843610266410444e-002	2.928883e-001
3.848488266410444e-002	2.697989e-001
3.853366266410443e-002	2.463932e-001
3.858244266410443e-002	2.228321e-001
3.863122266410443e-002	1.993114e-001
3.868000266410443e-002	1.761000e-001
3.872878266410443e-002	1.535374e-001
3.875317266410443e-002	1.425356e-001
3.877756266410443e-002	1.318112e-001
3.880195266410443e-002	1.214160e-001
3.882634266410442e-002	1.114049e-001
3.885073266410442e-002	1.018341e-001
3.887512266410442e-002	9.276012e-002
3.889951266410442e-002	8.423723e-002
3.892390266410442e-002	7.631490e-002
3.894829266410442e-002	6.903446e-002
3.897268266410442e-002	6.242565e-002
3.899707266410442e-002	5.650349e-002
3.902146266410442e-002	5.126614e-002
3.904585266410442e-002	4.669409e-002
3.907024266410442e-002	4.275126e-002
3.909463266410442e-002	3.938774e-002
3.911902266410441e-002	3.654383e-002
3.914341266410441e-002	3.415460e-002
3.916780266410441e-002	3.215436e-002
3.919219266410441e-002	3.048024e-002
3.921658266410441e-002	2.907481e-002
3.924097266410441e-002	2.788749e-002
3.926536266410441e-002	2.687514e-002
3.928975266410441e-002	2.600183e-002
3.931414266410441e-002	2.523826e-002
3.933853266410441e-002	2.456097e-002
3.936292266410441e-002	2.395136e-002
3.938731266410440e-002	2.339492e-002
3.941170266410440e-002	2.288038e-002
3.943609266410440e-002	2.239909e-002
3.946048266410440e-002	2.194442e-002
3.948487266410440e-002	2.151131e-002
3.950926266410440e-002	2.109595e-002
3.953365266410440e-002	2.069543e-002
3.955804266410440e-002	2.030756e-002
3.958243266410440e-002	1.993067e-002
3.960682266410440e-002	1.956351e-002
3.965560266410440e-002	1.885462e-002
3.967999266410439e-002	1.851149e-002
3.970438266410439e-002	1.817555e-002
3.975316266410439e-002	1.752363e-002
3.977406837839011e-002	1.725205e-002
3.979497409267582e-002	1.698461e-002
3.981587980696153e-002	1.672130e-002
3.983678552124725e-002	1.646213e-002
3.985769123553296e-002	1.620708e-002
3.987859694981867e-002	1.595617e-002
3.989950266410439e-002	1.570939e-002
3.992389266410439e-002	1.542633e-002
3.994828266410438e-002	1.514821e-002
3.997267266410438e-002	1.487506e-002
3.999706266410438e-002	1.460686e-002
4.002145266410438e-002	1.434361e-002
4.004584266410438e-002	1.408532e-002
4.007023266410438e-002	1.383198e-002
4.014340266410438e-002	1.310014e-002
4.019218266410438e-002	1.263670e-002
4.024096266410437e-002	1.219387e-002
4.026535266410437e-002	1.198107e-002
4.028974266410437e-002	1.177477e-002
4.031413266410437e-002	1.157581e-002
4.033852266410437e-002	1.138536e-002
4.036291266410437e-002	1.120502e-002
4.038730266410437e-002	1.103694e-002
4.041169266410437e-002	1.088402e-002
4.043608266410437e-002	1.075012e-002
4.046047266410437e-002	1.064037e-002
4.048486266410437e-002	1.056147e-002
4.050925266410436e-002	1.052222e-002
4.053364266410436e-002	1.053396e-002
4.055803266410436e-002	1.061125e-002
4.058242266410436e-002	1.077250e-002
4.060681266410436e-002	1.104075e-002
4.063120266410436e-002	1.144432e-002
4.065559266410436e-002	1.201738e-002
4.067998266410436e-002	1.280015e-002
4.070437266410436e-002	1.383868e-002
4.072876266410436e-002	1.518382e-002
4.075315266410436e-002	1.688934e-002
4.077754266410436e-002	1.900915e-002
4.080193266410435e-002	2.159362e-002
4.082632266410435e-002	2.468569e-002
4.085071266410435e-002	2.831700e-002
4.087510266410435e-002	3.250500e-002
4.089949266410435e-002	3.725142e-002
4.092388266410435e-002	4.254226e-002
4.094827266410435e-002	4.834930e-002
4.097266266410435e-002	5.463265e-002
4.099705266410435e-002	6.134384e-002
4.102144266410435e-002	6.842897e-002
4.104583266410435e-002	7.583148e-002
4.107022266410434e-002	8.349453e-002
4.109461266410434e-002	9.136265e-002
4.111900266410434e-002	9.938300e-002
4.114339266410434e-002	1.075061e-001
4.116778266410434e-002	1.156860e-001
4.119217266410434e-002	1.238810e-001
4.121656266410434e-002	1.320527e-001
4.124095266410434e-002	1.401667e-001
4.126534266410434e-002	1.481919e-001
4.128973266410434e-002	1.561003e-001
4.131412266410434e-002	1.638668e-001
4.133851266410434e-002	1.714690e-001
4.136290266410433e-002	1.788868e-001
4.138729266410433e-002	1.861024e-001
4.141168266410433e-002	1.930998e-001
4.143607266410433e-002	1.998523e-001
4.146046266410433e-002	2.063486e-001
4.150924266410433e-002	2.186062e-001
4.155802266410433e-002	2.297769e-001
4.160680266410433e-002	2.397908e-001
4.163119266410433e-002	2.443501e-001
4.167997266410432e-002	2.525527e-001
4.170436266410432e-002	2.561897e-001
4.172875266410432e-002	2.595142e-001
4.175314266410432e-002	2.625276e-001
4.177753266410432e-002	2.652257e-001
4.180192266410432e-002	2.676013e-001
4.182631266410432e-002	2.696606e-001
4.185070266410432e-002	2.714075e-001
4.189948266410432e-002	2.739567e-001
4.194826266410431e-002	2.752553e-001
4.199704266410431e-002	2.753190e-001
4.204582266410431e-002	2.741680e-001
4.207021266410431e-002	2.731446e-001
4.209460266410431e-002	2.718273e-001
4.211899266410431e-002	2.702197e-001
4.214338266410431e-002	2.683258e-001
4.216777266410431e-002	2.661498e-001
4.221655266410430e-002	2.609690e-001
4.226533266410430e-002	2.547137e-001
4.231411266410430e-002	2.474234e-001
4.233850266410430e-002	2.434028e-001
4.236289266410430e-002	2.391388e-001
4.238728266410430e-002	2.346364e-001
4.241167266410430e-002	2.299007e-001
4.243606266410430e-002	2.249366e-001
4.246045266410430e-002	2.197490e-001
4.248484266410429e-002	2.143422e-001
4.250923266410429e-002	2.087203e-001
4.253362266410429e-002	2.028869e-001
4.255801266410429e-002	1.968451e-001
4.258240266410429e-002	1.905969e-001
4.260679266410429e-002	1.841435e-001
4.263118266410429e-002	1.774848e-001
4.265557266410429e-002	1.706192e-001
4.267996266410429e-002	1.635436e-001
4.270435266410429e-002	1.562525e-001
4.272874266410429e-002	1.487386e-001
4.275313266410429e-002	1.409916e-001
4.277752266410428e-002	1.329991e-001
4.280191266410428e-002	1.247456e-001
4.282630266410428e-002	1.162134e-001
4.285069266410428e-002	1.073828e-001
4.287508266410428e-002	9.823261e-002
4.289947266410428e-002	8.874115e-002
4.292386266410428e-002	7.888760e-002
4.294825266410428e-002	6.865311e-002
4.297264266410428e-002	5.802224e-002
4.299703266410428e-002	4.698402e-002
4.302142266410428e-002	3.553290e-002
4.304581266410427e-002	2.366922e-002
4.307020266410427e-002	1.139924e-002
4.309459266410427e-002	-1.265147e-003
4.311898266410427e-002	-1.430708e-002
4.314337266410427e-002	-2.770555e-002
4.316776266410427e-002	-4.143634e-002
4.319215266410427e-002	-5.547293e-002
4.324093266410427e-002	-8.435075e-002
4.328971266410427e-002	-1.141093e-001
4.333849266410426e-002	-1.444964e-001
4.338727266410426e-002	-1.752826e-001
4.343605266410426e-002	-2.063927e-001
4.346044266410426e-002	-2.219800e-001
4.348483266410426e-002	-2.375609e-001
4.350922266410426e-002	-2.531151e-001
4.353361266410426e-002	-2.686235e-001
4.355800266410426e-002	-2.840676e-001
4.360678266410425e-002	-3.146936e-001
4.365207837838997e-002	-3.429298e-001
4.369737409267568e-002	-3.704617e-001
4.374266980696139e-002	-3.972891e-001
4.378796552124711e-002	-4.234123e-001
4.383326123553282e-002	-4.488310e-001
4.387855694981853e-002	-4.735454e-001
4.392385266410424e-002	-4.975554e-001
4.399702266410424e-002	-5.339738e-001
4.404580266410424e-002	-5.567400e-001
4.409458266410424e-002	-5.782029e-001
4.414336266410424e-002	-5.983117e-001
4.419214266410423e-002	-6.170030e-001
4.421653266410423e-002	-6.258001e-001
4.424092266410423e-002	-6.342230e-001
4.426531266410423e-002	-6.422657e-001
4.428970266410423e-002	-6.499225e-001
4.433848266410423e-002	-6.640576e-001
4.438726266410423e-002	-6.765891e-001
4.441165266410423e-002	-6.822426e-001
4.443604266410423e-002	-6.874828e-001
4.446043266410422e-002	-6.923062e-001
4.448482266410422e-002	-6.967095e-001
4.450921266410422e-002	-7.006901e-001
4.453360266410422e-002	-7.042453e-001
4.455799266410422e-002	-7.073728e-001
4.458238266410422e-002	-7.100709e-001
4.460677266410422e-002	-7.123379e-001
4.463116266410422e-002	-7.141725e-001
4.465555266410422e-002	-7.155738e-001
4.467994266410422e-002	-7.165412e-001
4.470433266410422e-002	-7.170742e-001
4.472872266410422e-002	-7.171730e-001
4.475311266410421e-002	-7.168376e-001
4.477750266410421e-002	-7.160689e-001
4.480189266410421e-002	-7.148675e-001
4.482628266410421e-002	-7.132348e-001
4.485067266410421e-002	-7.111722e-001
4.487506266410421e-002	-7.086813e-001
4.489945266410421e-002	-7.057644e-001
4.492384266410421e-002	-7.024236e-001
4.494823266410421e-002	-6.986615e-001
4.497262266410421e-002	-6.944810e-001
4.499701266410421e-002	-6.898853e-001
4.502140266410420e-002	-6.848775e-001
4.504579266410420e-002	-6.794613e-001
4.507018266410420e-002	-6.736405e-001
4.509457266410420e-002	-6.674192e-001
4.511896266410420e-002	-6.608016e-001
4.514335266410420e-002	-6.537921e-001
4.516774266410420e-002	-6.463956e-001
4.519213266410420e-002	-6.386169e-001
4.521652266410420e-002	-6.304609e-001
4.524091266410420e-002	-6.219330e-001
4.528969266410420e-002	-6.037832e-001
4.533847266410419e-002	-5.842133e-001
4.538725266410419e-002	-5.632709e-001
4.543603266410419e-002	-5.410068e-001
4.550920266410419e-002	-5.052479e-001
4.558237266410418e-002	-4.668202e-001
4.565554266410418e-002	-4.259199e-001
4.571825980696132e-002	-3.886876e-001
4.578097694981846e-002	-3.502815e-001
4.584369409267560e-002	-3.107016e-001
4.590641123553275e-002	-2.699480e-001
4.596912837838989e-002	-2.280206e-001
4.603184552124703e-002	-1.849194e-001
4.609456266410417e-002	-1.406445e-001
4.612243694981845e-002	-1.208793e-001
4.615031123553274e-002	-1.010391e-001
4.617818552124702e-002	-8.112390e-002
4.620605980696130e-002	-6.113374e-002
4.623393409267559e-002	-4.106859e-002
4.626180837838988e-002	-2.092846e-002
4.628968266410416e-002	-7.133344e-004
4.631755694981844e-002	1.953424e-002
4.634543123553273e-002	3.974665e-002
4.637330552124701e-002	5.992388e-002
4.640117980696130e-002	8.006594e-002
4.642905409267558e-002	1.001728e-001
4.645692837838987e-002	1.202446e-001
4.648480266410415e-002	1.402811e-001
4.650919266410415e-002	1.577414e-001
4.653358266410415e-002	1.750859e-001
4.655797266410415e-002	1.923148e-001
4.658236266410415e-002	2.094279e-001
4.660675266410415e-002	2.264253e-001
4.663114266410415e-002	2.433069e-001
4.665553266410415e-002	2.600729e-001
4.667992266410415e-002	2.766858e-001
4.670431266410415e-002	2.930833e-001
4.672870266410414e-002	3.092653e-001
4.675309266410414e-002	3.252318e-001
4.677748266410414e-002	3.409829e-001
4.680187266410414e-002	3.565186e-001
4.682626266410414e-002	3.718387e-001
4.685762123553271e-002	3.912111e-001
4.688897980696128e-002	4.099538e-001
4.692033837838985e-002	4.280670e-001
4.695169694981842e-002	4.455507e-001
4.698305552124699e-002	4.624048e-001
4.701441409267556e-002	4.786294e-001
4.704577266410413e-002	4.942244e-001
4.709455266410413e-002	5.164478e-001
4.711894266410413e-002	5.267544e-001
4.714333266410413e-002	5.364335e-001
4.716772266410413e-002	5.454413e-001
4.719211266410413e-002	5.537331e-001
4.721650266410413e-002	5.612636e-001
4.724089266410413e-002	5.679888e-001
4.726528266410413e-002	5.738679e-001
4.728967266410412e-002	5.788670e-001
4.731406266410412e-002	5.829614e-001
4.733845266410412e-002	5.861394e-001
4.736284266410412e-002	5.884055e-001
4.738723266410412e-002	5.897816e-001
4.741162266410412e-002	5.903073e-001
4.743601266410412e-002	5.900373e-001
4.746040266410412e-002	5.890380e-001
4.748479266410412e-002	5.873813e-001
4.750918266410412e-002	5.851405e-001
4.753357266410412e-002	5.823846e-001
4.755796266410411e-002	5.791762e-001
4.758235266410411e-002	5.755686e-001
4.760674266410411e-002	5.716059e-001
4.763113266410411e-002	5.673234e-001
4.765552266410411e-002	5.627481e-001
4.767991266410411e-002	5.579004e-001
4.770430266410411e-002	5.527955e-001
4.772869266410411e-002	5.474437e-001
4.775308266410411e-002	5.418523e-001
4.777747266410411e-002	5.360261e-001
4.780186266410411e-002	5.299679e-001
4.782625266410411e-002	5.236795e-001
4.785064266410410e-002	5.171617e-001
4.787503266410410e-002	5.104148e-001
4.789942266410410e-002	5.034389e-001
4.792381266410410e-002	4.962339e-001
4.794820266410410e-002	4.887998e-001
4.797259266410410e-002	4.811370e-001
4.799698266410410e-002	4.732458e-001
4.802137266410410e-002	4.651272e-001
4.804576266410410e-002	4.567825e-001
4.807015266410410e-002	4.482131e-001
4.809454266410410e-002	4.394214e-001
4.811893266410409e-002	4.304099e-001
4.814332266410409e-002	4.211819e-001
4.816771266410409e-002	4.117412e-001
4.819210266410409e-002	4.020921e-001
4.821649266410409e-002	3.922397e-001
4.824088266410409e-002	3.821898e-001
4.826527266410409e-002	3.719487e-001
4.828966266410409e-002	3.615237e-001
4.831405266410409e-002	3.509229e-001
4.833844266410409e-002	3.401513e-001
4.836283266410409e-002	3.292179e-001
4.838722266410409e-002	3.181408e-001
4.841161266410408e-002	3.069328e-001
4.843600266410408e-002	2.956041e-001
4.846039266410408e-002	2.841691e-001
4.850917266410408e-002	2.610472e-001
4.855795266410408e-002	2.377178e-001
4.860673266410408e-002	2.143641e-001
4.863112266410408e-002	2.027459e-001
4.865551266410408e-002	1.912368e-001
4.867990266410407e-002	1.798774e-001
4.870429266410407e-002	1.686524e-001
4.872868266410407e-002	1.575996e-001
4.875307266410407e-002	1.467910e-001
4.877746266410407e-002	1.362759e-001
4.880185266410407e-002	1.261061e-001
4.882624266410407e-002	1.163359e-001
4.885063266410407e-002	1.070201e-001
4.887502266410407e-002	9.821285e-002
4.889941266410407e-002	8.996492e-002
4.892380266410407e-002	8.232085e-002
4.894819266410407e-002	7.531582e-002
4.897258266410406e-002	6.897237e-002
4.899697266410406e-002	6.329794e-002
4.902136266410406e-002	5.828330e-002
4.904575266410406e-002	5.390263e-002
4.907014266410406e-002	5.011527e-002
4.909453266410406e-002	4.686892e-002
4.911892266410406e-002	4.410373e-002
4.914331266410406e-002	4.175668e-002
4.916770266410406e-002	3.976543e-002
4.919209266410406e-002	3.807143e-002
4.921648266410406e-002	3.662189e-002
4.924087266410406e-002	3.537080e-002
4.926526266410405e-002	3.427922e-002
4.928965266410405e-002	3.331487e-002
4.931404266410405e-002	3.245155e-002
4.933843266410405e-002	3.166828e-002
4.936282266410405e-002	3.094849e-002
4.938721266410405e-002	3.027921e-002
4.941160266410405e-002	2.965039e-002
4.943599266410405e-002	2.905426e-002
4.946038266410405e-002	2.848490e-002
4.948477266410405e-002	2.793774e-002
4.950916266410405e-002	2.740934e-002
4.953355266410404e-002	2.689704e-002
4.955794266410404e-002	2.639884e-002
4.958233266410404e-002	2.591320e-002
4.960672266410404e-002	2.543896e-002
4.965550266410404e-002	2.452109e-002
4.972867266410404e-002	2.321256e-002
4.974957837838975e-002	2.285286e-002
4.977048409267546e-002	2.249862e-002
4.979138980696118e-002	2.214985e-002
4.981229552124689e-002	2.180655e-002
4.983320123553261e-002	2.146871e-002
4.985410694981832e-002	2.113634e-002
4.987501266410403e-002	2.080943e-002
4.997257266410403e-002	1.934882e-002
4.999696266410403e-002	1.899872e-002
5.000000000000000e-002	1.895558e-002
